| t | C(t,t) [nats/use] | p(x1) | p(x2) | p(x3) |
|---:|---:|---:|---:|---:|
| 0 | 0.085819314 | 0.333333333 | 0.333333333 | 0.333333333 |
| 1 | 0.087756916 | 0.343316933 | 0.312645262 | 0.344037805 |
| 2 | 0.089549507 | 0.352789252 | 0.293094815 | 0.354115932 |
| 3 | 0.091205947 | 0.361761677 | 0.274657189 | 0.363581134 |
| 4 | 0.092735264 | 0.370248281 | 0.257298928 | 0.372452791 |
| 5 | 0.094146410 | 0.378265109 | 0.240980287 | 0.380754604 |
| 6 | 0.095448096 | 0.385829599 | 0.225657207 | 0.388513194 |
| 7 | 0.096648669 | 0.392960116 | 0.211282943 | 0.395756941 |
| 8 | 0.097756035 | 0.399675580 | 0.197809372 | 0.402515048 |
| 9 | 0.098777618 | 0.405995172 | 0.185188014 | 0.408816814 |
| 10 | 0.099720339 | 0.411938091 | 0.173370827 | 0.414691082 |
| 11 | 0.100590618 | 0.417523367 | 0.162310793 | 0.420165839 |
| 12 | 0.101394381 | 0.422769709 | 0.151962353 | 0.425267938 |
| 13 | 0.102137082 | 0.427695385 | 0.142281699 | 0.430022915 |
| 14 | 0.102823728 | 0.432318133 | 0.133226976 | 0.434454892 |
| 15 | 0.103458908 | 0.436655086 | 0.124758389 | 0.438586525 |
| 16 | 0.104046820 | 0.440722726 | 0.116838263 | 0.442439012 |
| 17 | 0.104591301 | 0.444536847 | 0.109431041 | 0.446032112 |
| 18 | 0.105095858 | 0.448112533 | 0.102503261 | 0.449384206 |
| 19 | 0.105563693 | 0.451464149 | 0.096023495 | 0.452512356 |
| 20 | 0.105997731 | 0.454605340 | 0.089962280 | 0.455432380 |
| 21 | 0.106400642 | 0.457549036 | 0.084292033 | 0.458158930 |
| 22 | 0.106774869 | 0.460307467 | 0.078986961 | 0.460705573 |
| 23 | 0.107122640 | 0.462892177 | 0.074022961 | 0.463084861 |
| 24 | 0.107445996 | 0.465314053 | 0.069377532 | 0.465308415 |
| 25 | 0.107746804 | 0.467583341 | 0.065029671 | 0.467386988 |
| 26 | 0.108026773 | 0.469709676 | 0.060959787 | 0.469330537 |
| 27 | 0.108287468 | 0.471702109 | 0.057149608 | 0.471148283 |
| 28 | 0.108530327 | 0.473569138 | 0.053582093 | 0.472848770 |
| 29 | 0.108756666 | 0.475318729 | 0.050241353 | 0.474439918 |
| 30 | 0.108967696 | 0.476958354 | 0.047112573 | 0.475929073 |
| 31 | 0.109164530 | 0.478495009 | 0.044181938 | 0.477323053 |
| 32 | 0.109348192 | 0.479935250 | 0.041436563 | 0.478628187 |
| 33 | 0.109519624 | 0.481285211 | 0.038864433 | 0.479850356 |
| 34 | 0.109679694 | 0.482550637 | 0.036454338 | 0.480995025 |
| 35 | 0.109829204 | 0.483736901 | 0.034195820 | 0.482067279 |
| 36 | 0.109968892 | 0.484849032 | 0.032079121 | 0.483071847 |
| 37 | 0.110099442 | 0.485891734 | 0.030095132 | 0.484013135 |
| 38 | 0.110221485 | 0.486869409 | 0.028235349 | 0.484895243 |
| 39 | 0.110335605 | 0.487786174 | 0.026491832 | 0.485721994 |
| 40 | 0.110442342 | 0.488645881 | 0.024857167 | 0.486496952 |
| 41 | 0.110542196 | 0.489452133 | 0.023324427 | 0.487223440 |
| 42 | 0.110635633 | 0.490208303 | 0.021887137 | 0.487904560 |
| 43 | 0.110723083 | 0.490917544 | 0.020539251 | 0.488543206 |
| 44 | 0.110804944 | 0.491582809 | 0.019275112 | 0.489142080 |
| 45 | 0.110881590 | 0.492206859 | 0.018089434 | 0.489703706 |
| 46 | 0.110953363 | 0.492792282 | 0.016977274 | 0.490230444 |
| 47 | 0.111020586 | 0.493341497 | 0.015934007 | 0.490724497 |
| 48 | 0.111083556 | 0.493856768 | 0.014955307 | 0.491187925 |
| 49 | 0.111142551 | 0.494340219 | 0.014037125 | 0.491622656 |
| 50 | 0.111197829 | 0.494793834 | 0.013175673 | 0.492030492 |
| 51 | 0.111249631 | 0.495219474 | 0.012367406 | 0.492413120 |
| 52 | 0.111298183 | 0.495618881 | 0.011609003 | 0.492772116 |
| 53 | 0.111343692 | 0.495993687 | 0.010897356 | 0.493108957 |
| 54 | 0.111386354 | 0.496345420 | 0.010229553 | 0.493425026 |
| 55 | 0.111426352 | 0.496675513 | 0.009602868 | 0.493721618 |
| 56 | 0.111463855 | 0.496985308 | 0.009014747 | 0.493999945 |
| 57 | 0.111499022 | 0.497276062 | 0.008462797 | 0.494261141 |
| 58 | 0.111532002 | 0.497548954 | 0.007944776 | 0.494506270 |
| 59 | 0.111562933 | 0.497805088 | 0.007458582 | 0.494736329 |
| 60 | 0.111591944 | 0.498045501 | 0.007002247 | 0.494952252 |
| 61 | 0.111619156 | 0.498271164 | 0.006573923 | 0.495154913 |
| 62 | 0.111644683 | 0.498482985 | 0.006171882 | 0.495345132 |
| 63 | 0.111668631 | 0.498681820 | 0.005794501 | 0.495523679 |
| 64 | 0.111691098 | 0.498868468 | 0.005440258 | 0.495691274 |
| 65 | 0.111712178 | 0.499043680 | 0.005107728 | 0.495848592 |
| 66 | 0.111731956 | 0.499208159 | 0.004795574 | 0.495996267 |
| 67 | 0.111750515 | 0.499362567 | 0.004502540 | 0.496134893 |
| 68 | 0.111767930 | 0.499507522 | 0.004227451 | 0.496265027 |
| 69 | 0.111784273 | 0.499643605 | 0.003969203 | 0.496387192 |
| 70 | 0.111799609 | 0.499771361 | 0.003726762 | 0.496501877 |
| 71 | 0.111814002 | 0.499891301 | 0.003499155 | 0.496609543 |
| 72 | 0.111827510 | 0.500003906 | 0.003285473 | 0.496710621 |
| 73 | 0.111840188 | 0.500109625 | 0.003084860 | 0.496805515 |
| 74 | 0.111852088 | 0.500208880 | 0.002896515 | 0.496894605 |
| 75 | 0.111863256 | 0.500302067 | 0.002719686 | 0.496978247 |
| 76 | 0.111873740 | 0.500389559 | 0.002553666 | 0.497056775 |
| 77 | 0.111883580 | 0.500471704 | 0.002397794 | 0.497130502 |
| 78 | 0.111892817 | 0.500548831 | 0.002251446 | 0.497199723 |
| 79 | 0.111901488 | 0.500621245 | 0.002114041 | 0.497264714 |
| 80 | 0.111909627 | 0.500689236 | 0.001985030 | 0.497325734 |
| 81 | 0.111917268 | 0.500753074 | 0.001863900 | 0.497383026 |
| 82 | 0.111924441 | 0.500813014 | 0.001750168 | 0.497436818 |
| 83 | 0.111931175 | 0.500869293 | 0.001643382 | 0.497487325 |
| 84 | 0.111937496 | 0.500922137 | 0.001543116 | 0.497534747 |
| 85 | 0.111943431 | 0.500971754 | 0.001448973 | 0.497579274 |
| 86 | 0.111949002 | 0.501018342 | 0.001360577 | 0.497621082 |
| 87 | 0.111954233 | 0.501062086 | 0.001277577 | 0.497660337 |
| 88 | 0.111959144 | 0.501103160 | 0.001199644 | 0.497697196 |
| 89 | 0.111963755 | 0.501141728 | 0.001126468 | 0.497731805 |
| 90 | 0.111968084 | 0.501177941 | 0.001057757 | 0.497764301 |
| 91 | 0.111972148 | 0.501211945 | 0.000993240 | 0.497794815 |
| 92 | 0.111975964 | 0.501243874 | 0.000932660 | 0.497823466 |
| 93 | 0.111979547 | 0.501273855 | 0.000875777 | 0.497850368 |
| 94 | 0.111982911 | 0.501302006 | 0.000822364 | 0.497875629 |
| 95 | 0.111986069 | 0.501328440 | 0.000772211 | 0.497899349 |
| 96 | 0.111989035 | 0.501353261 | 0.000725117 | 0.497921622 |
| 97 | 0.111991819 | 0.501376568 | 0.000680896 | 0.497942535 |
| 98 | 0.111994433 | 0.501398454 | 0.000639373 | 0.497962173 |
| 99 | 0.111996888 | 0.501419004 | 0.000600383 | 0.497980613 |
| 100 | 0.111999193 | 0.501438301 | 0.000563772 | 0.497997928 |
| 101 | 0.112001357 | 0.501456420 | 0.000529393 | 0.498014186 |
| 102 | 0.112003389 | 0.501473435 | 0.000497112 | 0.498029453 |
| 103 | 0.112005297 | 0.501489412 | 0.000466799 | 0.498043789 |
| 104 | 0.112007089 | 0.501504414 | 0.000438335 | 0.498057250 |
| 105 | 0.112008771 | 0.501518502 | 0.000411608 | 0.498069891 |
| 106 | 0.112010350 | 0.501531730 | 0.000386510 | 0.498081760 |
| 107 | 0.112011834 | 0.501544152 | 0.000362943 | 0.498092906 |
| 108 | 0.112013226 | 0.501555816 | 0.000340813 | 0.498103371 |
| 109 | 0.112014534 | 0.501566768 | 0.000320033 | 0.498113199 |
| 110 | 0.112015762 | 0.501577053 | 0.000300520 | 0.498122427 |
| 111 | 0.112016915 | 0.501586711 | 0.000282197 | 0.498131093 |
| 112 | 0.112017998 | 0.501595780 | 0.000264991 | 0.498139230 |
| 113 | 0.112019014 | 0.501604295 | 0.000248834 | 0.498146870 |
| 114 | 0.112019969 | 0.501612292 | 0.000233663 | 0.498154045 |
