\begin{tabular}{rcccc}
\toprule
$t$ & $C(t+1,t)$ & $p(x_1)$ & $p(x_2)$ & $p(x_3)$ \\
\midrule
0 & 0.086804047 & 0.343316933 & 0.312645262 & 0.344037805 \\
1 & 0.088668035 & 0.352789252 & 0.293094815 & 0.354115932 \\
2 & 0.090391448 & 0.361761677 & 0.274657189 & 0.363581134 \\
3 & 0.091983253 & 0.370248281 & 0.257298928 & 0.372452791 \\
4 & 0.093452457 & 0.378265109 & 0.240980287 & 0.380754604 \\
5 & 0.094807903 & 0.385829599 & 0.225657207 & 0.388513194 \\
6 & 0.096058124 & 0.392960116 & 0.211282943 & 0.395756941 \\
7 & 0.097211250 & 0.399675580 & 0.197809372 & 0.402515048 \\
8 & 0.098274946 & 0.405995172 & 0.185188014 & 0.408816814 \\
9 & 0.099256384 & 0.411938091 & 0.173370827 & 0.414691082 \\
10 & 0.100162231 & 0.417523367 & 0.162310793 & 0.420165839 \\
11 & 0.100998656 & 0.422769709 & 0.151962353 & 0.425267938 \\
12 & 0.101771345 & 0.427695385 & 0.142281699 & 0.430022915 \\
13 & 0.102485526 & 0.432318133 & 0.133226976 & 0.434454892 \\
14 & 0.103145992 & 0.436655086 & 0.124758389 & 0.438586525 \\
15 & 0.103757132 & 0.440722726 & 0.116838263 & 0.442439012 \\
16 & 0.104322960 & 0.444536847 & 0.109431041 & 0.446032112 \\
17 & 0.104847146 & 0.448112533 & 0.102503261 & 0.449384206 \\
18 & 0.105333039 & 0.451464149 & 0.096023495 & 0.452512356 \\
19 & 0.105783702 & 0.454605340 & 0.089962280 & 0.455432380 \\
20 & 0.106201927 & 0.457549036 & 0.084292033 & 0.458158930 \\
21 & 0.106590270 & 0.460307467 & 0.078986961 & 0.460705573 \\
22 & 0.106951064 & 0.462892177 & 0.074022961 & 0.463084861 \\
23 & 0.107286441 & 0.465314053 & 0.069377532 & 0.465308415 \\
24 & 0.107598354 & 0.467583341 & 0.065029671 & 0.467386988 \\
25 & 0.107888587 & 0.469709676 & 0.060959787 & 0.469330537 \\
26 & 0.108158779 & 0.471702109 & 0.057149608 & 0.471148283 \\
27 & 0.108410427 & 0.473569138 & 0.053582093 & 0.472848770 \\
28 & 0.108644908 & 0.475318729 & 0.050241353 & 0.474439918 \\
29 & 0.108863485 & 0.476958354 & 0.047112573 & 0.475929073 \\
30 & 0.109067319 & 0.478495009 & 0.044181938 & 0.477323053 \\
31 & 0.109257477 & 0.479935250 & 0.041436563 & 0.478628187 \\
32 & 0.109434941 & 0.481285211 & 0.038864433 & 0.479850356 \\
33 & 0.109600617 & 0.482550637 & 0.036454338 & 0.480995025 \\
34 & 0.109755337 & 0.483736901 & 0.034195820 & 0.482067279 \\
35 & 0.109899872 & 0.484849032 & 0.032079121 & 0.483071847 \\
36 & 0.110034932 & 0.485891734 & 0.030095132 & 0.484013135 \\
37 & 0.110161175 & 0.486869409 & 0.028235349 & 0.484895243 \\
38 & 0.110279206 & 0.487786174 & 0.026491832 & 0.485721994 \\
39 & 0.110389588 & 0.488645881 & 0.024857167 & 0.486496952 \\
40 & 0.110492841 & 0.489452133 & 0.023324427 & 0.487223440 \\
41 & 0.110589447 & 0.490208303 & 0.021887137 & 0.487904560 \\
42 & 0.110679854 & 0.490917544 & 0.020539251 & 0.488543206 \\
43 & 0.110764476 & 0.491582809 & 0.019275112 & 0.489142080 \\
44 & 0.110843698 & 0.492206859 & 0.018089434 & 0.489703706 \\
45 & 0.110917878 & 0.492792282 & 0.016977274 & 0.490230444 \\
46 & 0.110987350 & 0.493341497 & 0.015934007 & 0.490724497 \\
47 & 0.111052421 & 0.493856768 & 0.014955307 & 0.491187925 \\
48 & 0.111113380 & 0.494340219 & 0.014037125 & 0.491622656 \\
49 & 0.111170495 & 0.494793834 & 0.013175673 & 0.492030492 \\
50 & 0.111224015 & 0.495219474 & 0.012367406 & 0.492413120 \\
51 & 0.111274174 & 0.495618881 & 0.011609003 & 0.492772116 \\
52 & 0.111321186 & 0.495993687 & 0.010897356 & 0.493108957 \\
53 & 0.111365256 & 0.496345420 & 0.010229553 & 0.493425026 \\
54 & 0.111406571 & 0.496675513 & 0.009602868 & 0.493721618 \\
55 & 0.111445307 & 0.496985308 & 0.009014747 & 0.493999945 \\
56 & 0.111481630 & 0.497276062 & 0.008462797 & 0.494261141 \\
57 & 0.111515691 & 0.497548954 & 0.007944776 & 0.494506270 \\
58 & 0.111547634 & 0.497805088 & 0.007458582 & 0.494736329 \\
59 & 0.111577595 & 0.498045501 & 0.007002247 & 0.494952252 \\
60 & 0.111605696 & 0.498271164 & 0.006573923 & 0.495154913 \\
61 & 0.111632057 & 0.498482985 & 0.006171882 & 0.495345132 \\
62 & 0.111656786 & 0.498681820 & 0.005794501 & 0.495523679 \\
63 & 0.111679985 & 0.498868468 & 0.005440258 & 0.495691274 \\
64 & 0.111701751 & 0.499043680 & 0.005107728 & 0.495848592 \\
65 & 0.111722173 & 0.499208159 & 0.004795574 & 0.495996267 \\
66 & 0.111741335 & 0.499362567 & 0.004502540 & 0.496134893 \\
67 & 0.111759316 & 0.499507522 & 0.004227451 & 0.496265027 \\
68 & 0.111776188 & 0.499643605 & 0.003969203 & 0.496387192 \\
69 & 0.111792022 & 0.499771361 & 0.003726762 & 0.496501877 \\
70 & 0.111806882 & 0.499891301 & 0.003499155 & 0.496609543 \\
71 & 0.111820828 & 0.500003906 & 0.003285473 & 0.496710621 \\
72 & 0.111833917 & 0.500109625 & 0.003084860 & 0.496805515 \\
73 & 0.111846201 & 0.500208880 & 0.002896515 & 0.496894605 \\
74 & 0.111857731 & 0.500302067 & 0.002719686 & 0.496978247 \\
75 & 0.111868554 & 0.500389559 & 0.002553666 & 0.497056775 \\
76 & 0.111878712 & 0.500471704 & 0.002397794 & 0.497130502 \\
77 & 0.111888247 & 0.500548831 & 0.002251446 & 0.497199723 \\
78 & 0.111897198 & 0.500621245 & 0.002114041 & 0.497264714 \\
79 & 0.111905600 & 0.500689236 & 0.001985030 & 0.497325734 \\
80 & 0.111913488 & 0.500753074 & 0.001863900 & 0.497383026 \\
81 & 0.111920892 & 0.500813014 & 0.001750168 & 0.497436818 \\
82 & 0.111927843 & 0.500869293 & 0.001643382 & 0.497487325 \\
83 & 0.111934369 & 0.500922137 & 0.001543116 & 0.497534747 \\
84 & 0.111940495 & 0.500971754 & 0.001448973 & 0.497579274 \\
85 & 0.111946246 & 0.501018342 & 0.001360577 & 0.497621082 \\
86 & 0.111951645 & 0.501062086 & 0.001277577 & 0.497660337 \\
87 & 0.111956715 & 0.501103160 & 0.001199644 & 0.497697196 \\
88 & 0.111961474 & 0.501141728 & 0.001126468 & 0.497731805 \\
89 & 0.111965942 & 0.501177941 & 0.001057757 & 0.497764301 \\
90 & 0.111970137 & 0.501211945 & 0.000993240 & 0.497794815 \\
91 & 0.111974076 & 0.501243874 & 0.000932660 & 0.497823466 \\
92 & 0.111977774 & 0.501273855 & 0.000875777 & 0.497850368 \\
93 & 0.111981246 & 0.501302006 & 0.000822364 & 0.497875629 \\
94 & 0.111984506 & 0.501328440 & 0.000772211 & 0.497899349 \\
95 & 0.111987567 & 0.501353261 & 0.000725117 & 0.497921622 \\
96 & 0.111990441 & 0.501376568 & 0.000680896 & 0.497942535 \\
97 & 0.111993140 & 0.501398454 & 0.000639373 & 0.497962173 \\
98 & 0.111995673 & 0.501419004 & 0.000600383 & 0.497980613 \\
99 & 0.111998052 & 0.501438301 & 0.000563772 & 0.497997928 \\
100 & 0.112000286 & 0.501456420 & 0.000529393 & 0.498014186 \\
101 & 0.112002384 & 0.501473435 & 0.000497112 & 0.498029453 \\
102 & 0.112004353 & 0.501489412 & 0.000466799 & 0.498043789 \\
103 & 0.112006202 & 0.501504414 & 0.000438335 & 0.498057250 \\
104 & 0.112007939 & 0.501518502 & 0.000411608 & 0.498069891 \\
105 & 0.112009569 & 0.501531730 & 0.000386510 & 0.498081760 \\
106 & 0.112011100 & 0.501544152 & 0.000362943 & 0.498092906 \\
107 & 0.112012537 & 0.501555816 & 0.000340813 & 0.498103371 \\
108 & 0.112013887 & 0.501566768 & 0.000320033 & 0.498113199 \\
109 & 0.112015154 & 0.501577053 & 0.000300520 & 0.498122427 \\
110 & 0.112016344 & 0.501586711 & 0.000282197 & 0.498131093 \\
111 & 0.112017462 & 0.501595780 & 0.000264991 & 0.498139230 \\
112 & 0.112018511 & 0.501604295 & 0.000248834 & 0.498146870 \\
113 & 0.112019497 & 0.501612292 & 0.000233663 & 0.498154045 \\
114 & 0.112020422 & 0.501619801 & 0.000219417 & 0.498160783 \\
\bottomrule
\end{tabular}
